2020_03_06_01_R4_5_hour_15_jpg.rf.0a36c69d8e1612234b05476fe9b81f64.jpg
2019_12_06_02_N_hour_15_jpg.rf.00e34904450844fe1b34afed87865c5e.jpg 72,105,98,131,0 110,135,141,166,0 204,119,237,152,0 236,129,269,162,0 226,152,259,185,0 245,147,280,182,0 261,88,289,116,0 332,119,371,158,0 298,275,329,306,0 331,305,366,340,0 281,245,316,280,0 223,247,254,278,0 237,267,270,300,0 175,256,206,287,0 185,199,218,232,0 148,207,181,240,0 181,340,212,371,0 170,361,201,392,0 212,360,245,393,0 199,391,228,415,0 70,351,103,384,0
2020_02_07_02_NP4_SQ_10S_hour_15_jpg.rf.0f2c71f5cf4075338bc07e30f3683d8e.jpg 180,0,208,22,0 241,50,277,86,0 318,91,358,131,0 385,162,415,201,0 369,185,405,221,0 355,163,380,188,0 316,193,350,227,0 272,213,306,247,0 252,196,281,225,0 260,163,298,201,0 310,159,344,193,0 295,173,327,205,0 276,136,312,172,0 294,157,323,186,0 312,303,352,343,0 346,312,378,344,0 309,342,349,382,0 255,315,298,358,0 224,336,262,374,0 229,388,266,415,0 123,375,163,415,0 104,321,136,353,0 74,336,112,374,0 31,311,65,345,0 17,218,42,243,0 42,231,69,258,0 60,213,94,247,0 99,270,137,308,0 117,224,157,264,0 163,283,215,335,0 198,254,236,292,0 245,275,279,309,0 241,241,270,270,0 228,232,255,259,0 213,222,242,251,0 161,209,197,245,0 161,240,193,272,0 124,169,160,205,0 99,182,135,218,0 98,144,130,176,0 127,152,156,181,0 185,156,219,190,0 207,183,239,215,0 210,108,242,140,0 246,92,286,132,0 195,61,227,93,0 153,137,196,180,0 120,123,156,159,0 47,144,92,189,0 49,100,87,138,0 65,83,101,119,0 78,23,112,57,0 42,64,73,96,0 7,110,44,147,0 3,174,19,190,0 158,368,174,384,0 0,201,15,229,0
2019_07_08_01_N_hour_15_jpg.rf.05598fda2eab0792f84cb2694cd6b305.jpg 62,95,73,106,0 68,112,79,123,0 64,126,84,146,0 176,87,194,105,0 115,140,129,154,0 100,153,116,169,0 114,194,130,210,0 153,194,174,215,0 119,247,139,267,0 277,192,297,212,0 299,185,319,205,0 300,163,318,181,0 315,137,329,151,0 273,80,282,89,0 294,105,307,118,0 319,223,335,239,0 330,240,344,254,0 367,283,381,297,0 298,330,316,348,0 273,371,293,391,0 168,385,188,405,0 132,331,148,347,0
2020_03_02_01_R3_5_hour_15_jpg.rf.1580d120f6d8e39b62daaa44f645c0b6.jpg 25,182,70,227,0
2019_06_11_01_hour_15_jpg.rf.0c378e81bf0df3325a9ac6a58615d98b.jpg 124,75,159,110,0 156,32,197,73,0 332,67,375,110,0 24,290,67,333,0 52,335,91,374,0
0000_20200910-22-50-48_jpg.rf.0495cb6ad4765efe08db5b369c88fa7f.jpg 243,96,269,122,0 240,75,258,93,0 232,247,266,281,0 159,293,191,325,0 99,251,128,279,0 7,239,39,271,0 47,197,85,236,0 116,61,135,80,0 168,88,185,105,0 162,117,191,147,0 87,111,106,130,0 103,125,122,144,0 123,169,159,204,0
0000_20200721-22-38-29_jpg.rf.3a08cba9be8fd2b82d8402b5cb08e25e.jpg 235,49,269,86,0 233,101,269,143,0 261,143,293,170,0 222,186,252,216,0 243,245,269,271,0 280,286,306,310,0 239,304,267,331,0 142,299,169,327,0 143,226,173,256,0 131,125,158,150,0 122,44,148,68,0 161,2,189,29,0 191,379,228,415,0
0000_20200722-19-31-17_jpg.rf.47120da5181d3718c1931a55520c5b17.jpg
2020_04_14_02_hour_15_jpg.rf.190c88bf1828b10cbffe762fd2e9eb0d.jpg
2020_04_10_02_hour_15_jpg.rf.44bdcec84f7b8dc01a6d7a81813b4dcd.jpg 88,155,123,190,0 104,174,128,198,0 89,182,119,212,0 83,112,99,128,0 63,154,73,164,0 53,64,72,83,0 197,86,209,98,0 205,92,219,106,0 175,118,189,132,0 325,115,343,133,0 323,169,341,187,0 286,241,300,255,0 198,285,212,299,0 177,297,189,309,0 168,373,182,387,0 217,382,241,406,0 243,379,257,393,0 337,356,349,368,0 182,388,210,416,0 67,291,85,309,0 102,33,116,47,0
2020_02_07_02_NP4_SQ_10S_hour_15_jpg.rf.1a8dd7642e1cc758704462a7a24a3dbd.jpg 16,104,42,130,0 97,75,131,109,0 173,28,211,66,0 269,9,305,45,0 278,35,312,69,0 250,43,274,67,0 258,86,290,118,0 253,134,285,166,0 227,145,255,173,0 204,116,240,152,0 226,73,258,105,0 229,95,259,125,0 189,90,223,124,0 215,90,243,118,0 352,142,390,180,0 375,123,405,153,0 383,165,415,204,0 332,196,373,237,0 334,236,370,272,0 382,260,416,294,0 315,341,353,379,0 258,335,288,365,0 256,364,292,400,0 212,390,245,415,0 123,361,147,385,0 148,344,174,370,0 143,316,175,348,0 214,309,250,345,0 183,268,221,306,0 259,252,309,302,0 250,216,286,252,0 292,190,324,222,0 259,178,287,206,0 245,186,271,212,0 228,192,256,220,0 193,226,227,260,0 218,245,248,275,0 139,237,173,271,0 137,265,171,299,0 103,249,133,279,0 124,230,152,258,0 159,180,191,212,0 193,176,223,206,0 130,134,160,164,0 136,90,174,128,0 82,123,112,153,0 128,190,169,231,0 98,217,132,251,0 79,284,122,327,0 41,265,77,301,0 35,243,69,277,0 0,203,22,236,0 6,256,35,287,0 29,306,63,342,0 77,357,92,372,0 322,323,337,338,0 94,377,120,403,0
2020_04_07_02_hour_15_jpg.rf.13846796807f7c0de6a8843865396aed.jpg 171,99,187,115,0 252,30,268,46,0 307,50,325,68,0 230,119,246,135,0 249,164,260,175,0 184,217,198,231,0 243,228,261,246,0 340,277,360,297,0 362,188,376,202,0 296,216,307,227,0 233,317,247,331,0 201,330,217,346,0 261,346,279,364,0 275,347,293,365,0 288,328,306,346,0 262,366,280,384,0 211,397,227,413,0 69,346,85,362,0 354,331,363,340,0 23,254,41,272,0 50,78,64,92,0 128,300,144,316,0
0010_20200721-11-02-48_jpg.rf.4cc6a0508de7d4af2fd1066a478d5d58.jpg 156,157,188,189,0 160,178,196,214,0 88,84,150,146,0 176,263,219,306,0 231,285,274,328,0 195,282,238,325,0 207,299,258,350,0 228,315,268,355,0 182,303,231,352,0
0000_20200722-19-31-17_jpg.rf.37da9fe1c69611cbf639bddb8ba62a89.jpg
2020_03_06_03_P11_5_hour_15_jpg.rf.3b4e90a60f9a0539a18675f4bfb01b48.jpg 85,17,147,79,0 54,210,112,268,0 54,310,116,372,0 290,185,311,206,0
2019_07_08_02_N_hour_15_jpg.rf.4bd3fe3687cfc056d3748327aba93066.jpg 102,63,117,78,0 240,80,259,99,0 196,124,208,136,0 209,149,223,163,0 232,178,243,189,0 264,215,276,227,0 145,209,157,221,0 110,171,122,183,0 120,179,132,191,0 102,184,113,195,0 15,213,27,225,0 26,227,40,241,0 99,228,110,239,0 104,213,115,224,0 128,243,140,255,0 115,302,126,313,0 34,304,48,318,0 27,152,39,164,0 54,122,66,134,0
2020_03_19_02_P3_B_hour_15_jpg.rf.3e0929948455926d5f964169c6cd6fff.jpg 82,96,98,112,0 222,36,242,56,0 138,108,153,123,0 299,133,314,148,0 293,193,306,206,0 359,182,372,195,0 399,186,414,201,0 302,279,313,290,0 323,302,338,317,0 254,357,269,372,0 239,356,254,371,0 235,282,251,298,0 195,180,211,196,0 107,236,120,249,0 23,219,38,234,0 46,295,61,310,0 58,329,76,347,0
2020_03_13_01_R1_7_hour_15_jpg.rf.531d0c5543d7390f02214b56903afb74.jpg 182,292,222,332,0 289,218,302,231,0
2020_02_07_02_NP4_SQ_10S_hour_15_jpg.rf.3a33904e71c49eacef27c16c9916cd76.jpg 52,58,74,80,0 137,55,166,84,0 224,33,256,65,0 321,42,352,73,0 323,70,352,99,0 295,68,315,88,0 288,112,315,139,0 270,157,297,184,0 242,159,265,182,0 228,125,259,156,0 262,91,289,118,0 259,112,285,138,0 221,96,250,125,0 247,103,270,126,0 361,195,393,227,0 390,181,415,208,0 384,226,415,259,0 327,241,362,276,0 317,278,348,309,0 356,315,385,344,0 269,374,301,406,0 216,350,242,376,0 205,379,236,410,0 155,390,183,415,0 80,335,100,355,0 108,326,130,348,0 112,299,139,326,0 180,313,211,344,0 164,266,196,298,0 240,275,282,317,0 243,235,274,266,0 291,221,318,248,0 264,201,287,224,0 247,203,269,225,0 229,205,252,228,0 185,228,214,257,0 204,252,230,278,0 130,223,159,252,0 120,249,149,278,0 92,222,118,248,0 119,210,142,233,0 167,173,194,200,0 200,179,226,205,0 152,120,178,146,0 171,82,203,114,0 110,96,136,122,0 132,176,167,211,0 97,191,126,220,0 59,252,95,288,0 28,220,59,251,0 29,198,58,227,0 0,145,25,173,0 0,200,22,228,0 5,256,33,287,0 38,315,51,328,0 282,355,295,368,0 48,342,70,364,0
2020_04_10_02_hour_15_jpg.rf.57c32298053196d03913c1986428462c.jpg 113,115,147,149,0 122,137,145,160,0 104,139,133,168,0 132,71,147,86,0 97,100,106,109,0 123,15,142,34,0 247,95,259,107,0 251,104,264,117,0 213,115,226,128,0 349,177,366,194,0 325,225,342,242,0 262,274,275,287,0 163,276,176,289,0 140,278,152,290,0 99,343,112,356,0 137,374,160,397,0 164,381,177,394,0 260,399,272,411,0 102,365,129,392,0 41,227,58,244,0 183,7,196,20,0
2020_03_16_03_NP4_15_hour_15_jpg.rf.55bd86632f210e46e8ba5c83ae3dd067.jpg 170,70,197,97,0
2020_03_06_01_R4_5_hour_15_jpg.rf.532405e3778ea584684fb03323cb9a9a.jpg
0000_20200721-22-38-29_jpg.rf.2881d92eeabf56b70a0cb6382aea3fbb.jpg 133,50,174,93,0 164,90,210,138,0 211,108,248,142,0 208,167,244,203,0 261,202,292,233,0 315,210,345,240,0 295,249,328,281,0 217,306,249,339,0 172,247,208,283,0 98,179,130,209,0 41,121,71,151,0 45,63,78,95,0 306,332,350,375,0
2020_03_19_02_P3_B_hour_15_jpg.rf.587993476241456138ec7deb9d614b0d.jpg 45,159,65,179,0 144,40,169,65,0 101,145,119,163,0 256,94,274,112,0 278,151,294,167,0 332,111,348,127,0 369,96,387,114,0 325,224,339,238,0 354,234,372,252,0 318,315,336,333,0 304,320,322,338,0 267,255,287,275,0 184,183,204,203,0 131,274,147,290,0 49,297,67,315,0 104,353,122,371,0 131,377,153,399,0
2020_04_14_02_hour_15_jpg.rf.6a5105d011c8cd1b9a621d1321554890.jpg
2020_03_16_03_NP4_15_hour_15_jpg.rf.63c72f4acc65f2fb9079ad0a75e49721.jpg 180,67,209,96,0
2020_05_01_03_20ul_pad_China_hour_15_jpg.rf.6d5f96bf9480a04505f153c7fec9ec46.jpg
2020_03_13_01_R1_7_hour_15_jpg.rf.607651800e2efed70da8341ddbcc8695.jpg 123,268,171,316,0 265,261,281,277,0
2020_03_16_01_P3_15_hour_15_jpg.rf.62d9636d59a00bd68a768dff26fefcde.jpg 202,62,259,119,0 227,338,273,384,0 174,336,195,357,0 28,192,69,233,0
0000_20200910-22-50-48_jpg.rf.6526004df919c975448e4bb6fc82f9c2.jpg 105,132,132,158,0 83,140,101,158,0 252,160,287,195,0 286,241,319,274,0 235,296,264,325,0 209,382,241,414,0 175,331,214,370,0 50,259,69,278,0 84,213,101,230,0 113,213,143,243,0 95,295,114,314,0 111,282,130,301,0 159,253,195,289,0
2020_04_16_03_5_mM_Bluo_hour_15_jpg.rf.6d42d9d52022b6771cb59378992d9f22.jpg 118,110,159,151,0 239,142,258,161,0 218,171,252,205,0 226,190,256,220,0 222,206,263,247,0 303,127,333,157,0 366,282,390,306,0 222,313,241,332,0 131,287,161,317,0 132,211,177,256,0 38,202,81,245,0 0,228,46,279,0 42,292,76,326,0 164,371,190,397,0 170,391,209,415,0 2,111,47,156,0
2020_04_24_03_5ml_10ul_1200s_hour_15_jpg.rf.58fb991dc9f83fc8025d620af453d359.jpg 236,106,251,121,0 230,117,245,132,0 240,118,259,137,0 234,126,249,141,0 240,132,255,147,0 353,70,366,83,0 340,53,353,66,0 262,56,275,69,0 152,60,163,71,0 28,129,49,150,0 11,136,22,147,0 29,200,42,213,0 198,135,219,156,0 190,147,207,164,0 183,155,198,170,0 190,158,205,173,0 169,179,182,192,0 163,185,176,198,0 168,196,185,213,0 180,169,193,182,0 220,157,237,174,0 216,168,235,187,0 230,156,247,173,0 238,151,255,168,0 249,150,270,171,0 382,127,406,151,0 340,125,351,136,0 206,191,227,212,0 220,193,235,208,0 198,171,219,192,0 182,173,206,197,0 168,220,183,235,0 181,220,200,239,0 171,206,195,230,0 185,200,206,221,0 218,351,237,370,0 364,303,377,316,0 341,295,354,308,0 176,357,185,366,0 156,292,167,303,0
2020_03_19_02_P3_B_hour_15_jpg.rf.5ca1d837fb3a427c7cd54eb16f3d64d5.jpg 209,40,230,61,0 340,118,365,143,0 236,93,254,111,0 313,237,331,255,0 262,268,278,284,0 311,314,327,330,0 330,348,348,366,0 200,327,214,341,0 192,358,210,376,0 106,336,124,354,0 98,323,116,341,0 154,275,175,296,0 210,181,231,202,0 116,145,132,161,0 77,68,95,86,0 31,132,49,150,0 8,162,31,185,0
2020_03_02_01_R3_5_hour_15_jpg.rf.63a982404d9e6dab51885d20c02fe9d1.jpg 24,197,72,245,0
0000_20200910-22-50-48_jpg.rf.851b6f6b5821bb833e982d26927b995d.jpg 226,90,252,115,0 218,71,235,88,0 241,240,274,273,0 177,298,208,329,0 111,267,139,294,0 19,271,50,301,0 51,222,87,260,0 94,78,113,96,0 149,95,166,111,0 150,124,178,153,0 74,132,93,150,0 92,143,111,161,0 121,182,155,216,0
2020_03_16_01_P3_15_hour_15_jpg.rf.721651ec30dd201dd5b2432463e1ce97.jpg 153,67,204,118,0 290,309,331,350,0 236,335,254,353,0 47,261,84,298,0
0003_20200720-23-11-25_jpg.rf.7e24ade33fe7b8d08dfc58cefcddee12.jpg 165,96,194,124,0 95,64,126,95,0 147,33,179,65,0 112,14,147,49,0 200,35,233,69,0 252,129,283,160,0 303,71,333,101,0 291,88,326,124,0 324,121,352,148,0 320,183,355,217,0 306,222,336,252,0 345,262,372,289,0 365,287,392,313,0 295,290,325,320,0 272,285,299,312,0 277,268,299,289,0 243,262,268,287,0 194,240,235,281,0 171,165,199,192,0 100,188,127,215,0 152,288,179,314,0 24,151,57,184,0 29,105,57,132,0 11,195,40,223,0 42,259,66,283,0 88,294,125,330,0 162,340,183,360,0 279,340,309,370,0
0003_20200720-23-11-25_jpg.rf.87323dc721479fb48e140521e868fda9.jpg 252,110,276,133,0 228,38,254,62,0 286,57,312,83,0 276,19,304,47,0 318,98,345,126,0 282,199,308,223,0 359,199,385,222,0 338,201,365,232,0 337,247,361,268,0 285,287,314,314,0 248,300,274,323,0 245,355,267,377,0 240,386,262,407,0 189,338,215,361,0 180,315,202,337,0 199,306,217,323,0 180,276,199,298,0 156,231,189,264,0 203,160,227,181,0 140,121,162,143,0 99,226,121,247,0 114,42,143,67,0 155,15,179,36,0 76,59,100,82,0 50,123,69,143,0 48,185,79,214,0 69,267,87,282,0 140,358,166,381,0
0000_20200722-19-31-17_jpg.rf.7324bf0939d62df6e6011cbaa32ac7a1.jpg
0005_20200721-10_43_52_jpg.rf.74c81549ff5b70d4691b17fe3720e39f.jpg 39,158,85,204,0 227,40,284,97,0 344,129,399,184,0 388,208,415,250,0
2020_04_07_02_hour_15_jpg.rf.992c5202c3397571f8632fa39e62459d.jpg 289,144,305,160,0 379,203,395,219,0 373,261,391,279,0 287,206,303,222,0 252,237,263,248,0 181,189,195,203,0 184,249,202,267,0 161,356,181,376,0 258,352,272,366,0 215,296,226,307,0 99,264,113,278,0 76,237,92,253,0 75,299,93,317,0 78,313,96,331,0 100,320,118,338,0 56,305,74,323,0 14,265,30,281,0 24,114,40,130,0 123,384,132,393,0 98,45,116,63,0 278,22,292,36,0 85,158,101,174,0
0001_20200721-22-42-15_jpg.rf.749fb658068bc23f14ef0293e998c015.jpg 252,46,283,72,0 338,112,364,138,0 362,106,390,138,0 322,174,343,197,0 220,179,254,211,0 158,104,181,127,0 176,101,194,122,0 59,151,82,172,0 17,179,51,218,0 200,307,220,327,0 208,327,229,348,0 265,318,288,338,0 311,345,327,361,0 161,343,185,364,0 90,299,113,319,0 203,57,234,86,0
0010_20200721-11-02-48_jpg.rf.7d7d134fddca4613556ef93da5d080a7.jpg 164,151,196,183,0 162,172,199,209,0 106,67,170,131,0 161,259,205,303,0 211,291,255,335,0 176,281,220,325,0 183,300,236,353,0 202,319,243,360,0 159,299,210,350,0
2020_05_01_03_20ul_pad_China_hour_15_jpg.rf.99fbcb0ba33d2c8e1ae41247950f8ee2.jpg
2019_06_11_01_hour_15_jpg.rf.96b580e5b583438a62d7a5fd4b520581.jpg 201,58,235,92,0 249,42,289,82,0 374,169,415,212,0 0,181,37,224,0 0,233,33,272,0
0000_20200721-22-38-29_jpg.rf.a9b068ea8856744bef306856c55dc83e.jpg 217,46,247,79,0 222,98,254,136,0 255,135,284,159,0 223,184,249,210,0 251,240,274,263,0 293,275,316,296,0 255,299,280,322,0 159,307,182,332,0 151,235,177,261,0 123,137,148,158,0 103,57,126,78,0 136,11,161,34,0 219,379,252,411,0
2020_04_07_02_hour_15_jpg.rf.8c0272ef862cb38e16a592cd70aeea86.jpg 201,96,215,110,0 298,52,312,66,0 345,86,361,102,0 252,131,266,145,0 258,179,268,189,0 181,213,193,225,0 235,240,251,256,0 313,314,331,332,0 360,234,372,246,0 289,242,299,252,0 201,322,213,334,0 166,326,180,340,0 219,358,235,374,0 232,364,248,380,0 250,348,266,364,0 214,378,230,394,0 158,394,172,408,0 35,305,49,319,0 314,368,322,376,0 16,204,32,220,0 91,42,103,54,0 105,277,119,291,0
2020_03_16_01_P3_15_hour_15_jpg.rf.b2eb5ea9a3b451f1f5b4f4f4fc866e08.jpg 64,150,121,207,0 341,154,387,200,0 335,232,355,252,0 181,347,222,388,0
2020_04_16_03_5_mM_Bluo_hour_15_jpg.rf.90f1bca6abd6c1abd26304085198c237.jpg 116,113,157,154,0 237,141,256,160,0 217,170,252,205,0 225,189,256,220,0 223,204,264,245,0 300,123,331,154,0 369,276,393,300,0 226,312,245,331,0 134,289,165,320,0 133,213,178,258,0 39,207,82,250,0 0,234,48,286,0 45,296,80,331,0 170,372,196,398,0 177,391,217,415,0 0,117,45,163,0
0003_20200720-23-11-25_jpg.rf.9ee5bb91a54f216878878de9e98281d1.jpg 215,95,240,119,0 166,36,193,62,0 227,32,255,60,0 204,1,233,30,0 273,58,301,87,0 276,166,303,192,0 348,137,375,161,0 330,146,359,178,0 345,190,370,212,0 311,245,342,273,0 282,273,309,297,0 300,325,323,348,0 307,356,330,378,0 242,329,269,353,0 225,312,248,335,0 238,298,257,316,0 210,277,230,300,0 172,240,207,275,0 188,160,213,182,0 116,147,139,170,0 116,260,139,282,0 62,83,92,109,0 89,43,114,65,0 33,114,58,138,0 32,184,52,205,0 55,239,87,269,0 103,311,122,327,0 204,366,231,390,0
2020_03_02_02_S5_5_hour_15_jpg.rf.ad92e8087ac7fad02324cfdaf8a391ea.jpg 134,101,179,146,0 222,103,277,158,0 248,272,282,306,0 288,262,320,294,0 298,341,341,384,0 274,360,315,401,0 182,371,231,415,0
2020_03_06_01_R4_5_hour_15_jpg.rf.b812b42a2865474f2f7e1fdc7a97e433.jpg
0010_20200721-11-02-48_jpg.rf.be9ac44627b4f1225f01a2acf8b0f153.jpg 144,194,171,221,0 162,204,193,235,0 52,174,106,228,0 234,252,271,289,0 289,231,326,268,0 261,253,298,290,0 283,255,327,299,0 306,257,340,291,0 267,275,310,318,0
2019_07_08_01_N_hour_15_jpg.rf.ce80c8d47d312cb7195773e337449027.jpg 25,187,39,201,0 39,199,53,213,0 44,209,69,234,0 116,115,139,138,0 93,195,111,213,0 88,213,108,233,0 122,240,142,260,0 156,216,183,243,0 156,279,181,304,0 259,148,284,173,0 273,130,298,155,0 261,111,284,134,0 260,83,278,101,0 193,61,204,72,0 224,69,240,85,0 310,152,330,172,0 328,162,346,180,0 383,178,401,196,0 351,252,374,275,0 352,300,377,325,0 272,369,297,394,0 212,345,232,365,0
2019_06_11_01_hour_15_jpg.rf.c1d189c9c119521b3ae55943fb2b0b4f.jpg 231,63,268,100,0 281,59,325,103,0 371,213,415,260,0 0,133,46,180,0 0,183,30,226,0
2020_03_02_02_S5_5_hour_15_jpg.rf.c7398202ba2f99b16d1fda58a0ca9395.jpg 135,100,180,145,0 223,103,279,159,0 246,272,281,307,0 286,263,319,296,0 295,343,338,386,0 271,362,312,403,0 179,371,228,415,0
2020_04_07_01_hour_15_jpg.rf.b44746ce1137c40349d27a2a034c018e.jpg
2020_03_13_01_R1_7_hour_15_jpg.rf.bb36a0fa3937af54a3adc13879f9240e.jpg 217,289,255,327,0 289,188,302,201,0
2020_03_13_03_R4_7_hour_15_jpg.rf.c2792cb079e683f9462466d062320ac7.jpg 200,133,280,213,0 226,253,275,302,0
2020_04_10_02_hour_15_jpg.rf.d81754d474049d1e01bb52d31ceb3bd2.jpg 110,120,143,153,0 120,142,142,164,0 102,144,130,172,0 125,75,140,90,0 92,105,101,114,0 114,20,132,38,0 241,93,252,104,0 246,102,259,115,0 208,115,221,128,0 348,170,364,186,0 326,219,342,235,0 265,271,278,284,0 167,278,180,291,0 144,281,155,292,0 106,348,119,361,0 147,377,169,399,0 174,383,187,396,0 271,396,282,407,0 112,370,138,396,0 43,236,59,252,0 172,8,185,21,0
2020_03_02_01_R3_5_hour_15_jpg.rf.cc020a3cfd70e67bbf8c1fbeb9c5e2f7.jpg 82,56,134,108,0
2020_04_16_03_5_mM_Bluo_hour_15_jpg.rf.d99c6497118b85af9f462b23f28288ac.jpg 149,96,183,130,0 256,159,272,175,0 226,183,254,211,0 228,203,253,228,0 219,219,253,253,0 321,167,346,192,0 333,333,353,353,0 187,316,203,332,0 108,266,133,291,0 131,197,168,234,0 44,159,79,194,0 0,172,36,215,0 21,244,49,272,0 114,355,135,376,0 113,379,144,410,0 38,62,75,99,0
2020_03_13_03_R4_7_hour_15_jpg.rf.a2a9a4dd02e162946643bad03478605c.jpg 169,124,241,196,0 265,204,310,249,0
2020_03_13_03_R4_7_hour_15_jpg.rf.cbeb4b5496c171b58ab1c5ad744974c1.jpg 146,124,228,206,0 263,169,314,220,0
2020_03_06_03_P11_5_hour_15_jpg.rf.d63fd78b976faae0911814cff59c16c5.jpg 287,28,353,94,0 100,74,162,136,0 5,114,71,180,0 244,277,267,300,0
2020_04_24_03_5ml_10ul_1200s_hour_15_jpg.rf.aeeafc29c0557cdaa8c078557585c13a.jpg 209,100,225,116,0 207,112,223,128,0 217,109,237,129,0 213,120,229,136,0 221,124,237,140,0 314,35,328,49,0 297,22,311,36,0 221,45,235,59,0 117,78,128,89,0 15,174,38,197,0 0,188,11,200,0 34,245,48,259,0 181,136,204,159,0 177,151,195,169,0 171,160,187,176,0 179,162,195,178,0 164,188,178,202,0 159,195,173,209,0 168,204,186,222,0 172,175,186,189,0 208,153,226,171,0 207,164,227,184,0 217,149,235,167,0 224,142,242,160,0 234,137,257,160,0 357,81,382,106,0 315,92,326,103,0 203,188,226,211,0 217,188,233,204,0 190,170,213,193,0 176,177,201,202,0 173,227,189,243,0 186,223,206,243,0 174,212,199,237,0 185,203,208,226,0 256,340,276,360,0 384,257,398,271,0 360,255,374,269,0 216,359,225,368,0 181,301,192,312,0
0001_20200721-22-42-15_jpg.rf.ac16ec0bbd64ccc58357748b6f748f09.jpg 294,69,332,104,0 354,160,387,193,0 377,162,414,202,0 320,213,347,242,0 218,184,261,226,0 187,94,216,123,0 205,96,229,122,0 78,106,107,133,0 24,118,69,166,0 162,299,187,324,0 163,320,190,347,0 219,331,247,357,0 256,371,276,391,0 113,320,143,348,0 60,256,88,282,0 243,64,282,102,0
2020_05_01_03_20ul_pad_China_hour_15_jpg.rf.d0c5795b6cb57c17ad3b1174b0aa8697.jpg
2020_04_07_01_hour_15_jpg.rf.f27f131feb28930ac1a021e731698874.jpg
0005_20200721-10_43_52_jpg.rf.da06d55df826843438b0660dff93fccf.jpg 132,50,172,90,0 326,147,376,197,0 317,293,365,341,0 282,371,318,407,0
2019_07_08_02_N_hour_15_jpg.rf.dea9017fdec523b801ffc06a6d707063.jpg 157,36,175,54,0 279,101,301,123,0 223,125,237,139,0 226,154,242,170,0 239,189,251,201,0 255,235,269,249,0 146,187,160,201,0 126,139,140,153,0 133,150,147,164,0 115,148,127,160,0 23,144,37,158,0 27,161,43,177,0 96,189,108,201,0 107,176,119,188,0 117,212,131,226,0 85,263,97,275,0 7,236,23,252,0 56,91,70,105,0 92,74,106,88,0
2020_03_06_03_P11_5_hour_15_jpg.rf.e5cbef86f64ce00fbf277e9b03fcd61b.jpg 104,10,163,69,0 53,198,108,253,0 43,298,102,357,0 291,196,311,216,0
2019_07_08_02_N_hour_15_jpg.rf.fe3567969e9f1908d86358a45165895e.jpg 76,83,94,101,0 215,72,237,94,0 180,125,194,139,0 198,147,214,163,0 226,172,238,184,0 265,202,279,216,0 146,219,160,233,0 104,188,118,202,0 116,195,130,209,0 100,203,112,215,0 19,247,33,261,0 33,259,49,275,0 105,247,117,259,0 107,231,119,243,0 136,255,150,269,0 135,316,147,328,0 56,333,72,349,0 19,185,33,199,0 41,151,55,165,0
2019_12_06_02_N_hour_15_jpg.rf.fb65547734ea817ecef5fd5bea4ca777.jpg 82,93,107,118,0 118,128,147,157,0 213,122,244,153,0 244,135,275,166,0 231,157,262,188,0 250,153,283,186,0 272,96,299,123,0 339,135,376,172,0 290,287,319,316,0 320,320,353,353,0 275,255,308,288,0 218,251,247,280,0 230,272,261,303,0 169,255,198,284,0 186,200,217,231,0 147,203,178,234,0 167,339,196,368,0 154,359,183,388,0 195,362,226,393,0 179,391,207,415,0 55,339,86,370,0
2020_04_07_01_hour_15_jpg.rf.f5c49f10f32abcb43987f87cddfa0015.jpg
2020_03_16_03_NP4_15_hour_15_jpg.rf.fd19d649543ae3975661039343470c84.jpg 110,95,142,127,0
0001_20200721-22-42-15_jpg.rf.fb8eb1b75f6b09ce6d1bc27918280208.jpg 203,31,240,65,0 305,71,337,103,0 326,57,362,96,0 307,136,334,164,0 211,167,253,208,0 129,117,158,146,0 146,110,169,135,0 49,191,77,218,0 16,226,60,273,0 230,300,254,324,0 243,316,269,342,0 294,291,322,316,0 346,304,366,324,0 202,344,232,371,0 121,324,149,349,0 159,56,197,93,0
2019_12_06_02_N_hour_15_jpg.rf.e439954115417a9b17558f8cc084958a.jpg 63,118,90,145,0 104,144,136,176,0 196,118,230,152,0 229,125,263,159,0 221,148,255,182,0 239,141,275,177,0 249,81,278,110,0 323,104,363,144,0 305,263,337,295,0 342,289,378,325,0 285,235,321,271,0 228,243,260,275,0 244,261,278,295,0 181,257,213,289,0 186,199,220,233,0 149,211,183,245,0 196,340,228,372,0 188,362,220,394,0 229,357,263,391,0 219,389,249,415,0 87,363,121,397,0
2019_07_08_01_N_hour_15_jpg.rf.e5887c85d61e059e8db6aff94a1cce5e.jpg 197,24,211,38,0 186,39,200,53,0 167,46,192,71,0 269,108,292,131,0 193,94,211,112,0 171,90,192,111,0 148,126,169,147,0 169,157,197,185,0 108,165,133,190,0 250,253,275,278,0 269,266,294,291,0 289,252,312,275,0 321,247,339,265,0 343,179,354,190,0 334,211,350,227,0 255,305,276,326,0 250,323,268,341,0 240,380,258,398,0 158,355,181,378,0 108,362,133,387,0 31,290,56,315,0 53,226,74,247,0
2020_03_02_02_S5_5_hour_15_jpg.rf.f63721076512a7c2991087b9085077e2.jpg 95,152,136,193,0 170,96,220,146,0 286,223,317,254,0 312,192,341,221,0 370,245,409,284,0 362,276,399,313,0 299,337,342,380,0
0005_20200721-10_43_52_jpg.rf.fd4b36a05a512931591fec357448dd1a.jpg 184,36,230,82,0 326,200,383,257,0 263,331,318,386,0 205,389,247,415,0
2020_04_14_02_hour_15_jpg.rf.24b55d2a4a055797d4bf7af20f205d53.jpg
2020_04_24_03_5ml_10ul_1200s_hour_15_jpg.rf.fd0949fe7db7d0ab17e181c97537a644.jpg 276,134,288,146,0 267,142,279,154,0 274,147,289,162,0 266,151,278,163,0 269,159,281,171,0 398,154,409,165,0 394,133,405,144,0 322,100,333,111,0 224,55,232,63,0 80,62,97,79,0 63,58,71,66,0 49,123,60,134,0 229,144,246,161,0 217,150,231,164,0 207,153,219,165,0 212,160,224,172,0 184,168,195,179,0 175,170,186,181,0 175,184,189,198,0 198,163,209,174,0 239,172,253,186,0 230,182,245,197,0 248,176,262,190,0 258,175,272,189,0 267,180,284,197,0 395,221,414,240,0 362,197,370,205,0 210,197,227,214,0 223,204,235,216,0 213,176,230,193,0 196,172,215,191,0 164,204,176,216,0 175,211,190,226,0 172,196,191,215,0 187,196,204,213,0 149,345,164,360,0 301,367,312,378,0 285,349,296,360,0 110,328,117,335,0 122,263,130,271,0